0 0.255788 0.164252 0.030275 0.033302
1 0.245632 0.136930 0.020312 0.006425
0 0.348275 0.166603 0.023521 0.026176
1 0.338169 0.135719 0.006804 0.006425
0 0.459460 0.163040 0.067269 0.035724
1 0.450968 0.130944 0.020312 0.006425
0 0.531837 0.210641 0.033601 0.009501
1 0.523309 0.203557 0.013588 0.006425
0 0.617620 0.220154 0.084003 0.038076
1 0.604986 0.197512 0.024730 0.008587
0 0.684957 0.285534 0.037028 0.016627
1 0.684755 0.282013 0.013709 0.006425
0 0.684957 0.321235 0.037028 0.016627
1 0.684755 0.317714 0.013709 0.006425
0 0.533500 0.282577 0.030275 0.010713
1 0.523309 0.268973 0.013588 0.006425
0 0.533500 0.318278 0.030275 0.010713
1 0.523309 0.304673 0.013588 0.006425
0 0.541917 0.406924 0.030375 0.009430
1 0.531756 0.393890 0.013548 0.006425
0 0.541917 0.436675 0.030375 0.009501
1 0.531756 0.423605 0.013548 0.006425
0 0.541917 0.465570 0.030375 0.007720
1 0.531756 0.453319 0.013548 0.006425
0 0.541917 0.496176 0.030375 0.009501
1 0.531756 0.483106 0.013548 0.006425
0 0.539397 0.525891 0.025335 0.009501
1 0.531756 0.512821 0.013548 0.006425
0 0.539397 0.555641 0.025335 0.009430
1 0.531756 0.542536 0.013548 0.006425
0 0.672356 0.553219 0.023521 0.016556
1 0.662150 0.540184 0.020312 0.006425
0 0.672356 0.523468 0.023521 0.016627
1 0.662150 0.510469 0.020312 0.006425
0 0.672356 0.493753 0.023521 0.016627
1 0.662150 0.480683 0.020312 0.006425
0 0.672356 0.463967 0.023521 0.016627
1 0.662150 0.450968 0.020312 0.006425
0 0.672356 0.434252 0.023521 0.016627
1 0.662150 0.421253 0.020312 0.006425
0 0.672356 0.404537 0.023521 0.016627
1 0.662150 0.391467 0.020312 0.006425
0 0.255788 0.652019 0.030275 0.033302
1 0.245632 0.624697 0.020312 0.006425
0 0.348275 0.654371 0.023521 0.026176
1 0.338169 0.623486 0.006804 0.006425
0 0.440963 0.639513 0.030275 0.010713
1 0.430807 0.625837 0.020312 0.006425
0 0.516666 0.639513 0.030275 0.010713
1 0.506455 0.624697 0.013548 0.006425
0 0.516666 0.782245 0.030275 0.010713
1 0.506455 0.767429 0.013548 0.006425
0 0.580626 0.690036 0.013440 0.021401
1 0.430807 0.625837 0.020312 0.006425
0 0.617620 0.725772 0.037028 0.026176
1 0.607515 0.709139 0.020312 0.006425
0 0.617620 0.795962 0.037028 0.019050
1 0.617620 0.793581 0.013709 0.006425
0 0.580626 0.832803 0.013440 0.021473
1 0.540481 0.823937 0.020312 0.006425
0 0.617620 0.868504 0.037028 0.026176
1 0.607515 0.851871 0.020312 0.006425