0 0.299536 0.234406 0.067370 0.059454
1 0.294456 0.190445 0.020382 0.006425
0 0.380330 0.234976 0.033601 0.055891
1 0.371883 0.203557 0.013548 0.006425
0 0.430832 0.234976 0.033601 0.055891
1 0.422385 0.203557 0.013548 0.006425
0 0.717113 0.262945 0.023319 0.118955
1 0.711851 0.198783 0.020322 0.006425
0 0.853197 0.237933 0.043681 0.030879
1 0.841000 0.238011 0.011895 0.010701
0 0.781274 0.119002 0.223010 0.085606
1 0.785521 0.064287 0.070487 0.007506
0 0.788028 0.119002 0.209502 0.085606
1 0.743607 0.082102 0.052989 0.007506
0 0.849467 0.124952 0.061423 0.061876
1 0.852937 0.082102 0.044236 0.007506
0 0.599123 0.115439 0.033702 0.009501
1 0.587295 0.108355 0.013541 0.006425
0 0.599123 0.139240 0.033702 0.009501
1 0.587295 0.132156 0.013541 0.006425
0 0.516666 0.128551 0.030275 0.033302
1 0.509887 0.097666 0.013558 0.006425
0 0.578912 0.535404 0.127751 0.716176
1 0.565394 0.185612 0.029616 0.008587
2 0.180085 0.071437 0.020194 0.011853
3 0.180085 0.068480 0.006955 0.005344
4 0.180085 0.075036 0.011996 0.005344
2 0.718625 0.330214 0.020295 0.011924
3 0.718575 0.327221 0.011996 0.005344
4 0.718575 0.333777 0.006955 0.005344
2 0.760710 0.404537 0.020194 0.011924
3 0.760710 0.401615 0.017036 0.005344
4 0.760710 0.408100 0.006955 0.005344
2 0.760710 0.428337 0.020194 0.011924
3 0.760710 0.425416 0.017036 0.005344
4 0.760710 0.431900 0.006955 0.005344
2 0.760710 0.452102 0.020194 0.011853
3 0.760710 0.449145 0.017036 0.005344
4 0.760710 0.455701 0.006955 0.005344
2 0.760710 0.475903 0.020194 0.011853
3 0.760710 0.472945 0.017036 0.005344
4 0.760710 0.479501 0.006955 0.005344
2 0.760710 0.499703 0.020194 0.011853
3 0.760710 0.496746 0.017036 0.005344
4 0.760710 0.503302 0.011996 0.005344
2 0.760710 0.571105 0.020194 0.011853
3 0.760710 0.568147 0.017036 0.005344
4 0.760710 0.574703 0.011996 0.005344
2 0.760710 0.594869 0.020194 0.011924
3 0.760710 0.591948 0.017036 0.005344
4 0.760710 0.598504 0.006955 0.005344
2 0.785911 0.642470 0.020194 0.011924
3 0.785911 0.639477 0.011996 0.005344
4 0.785911 0.646033 0.006955 0.005344
2 0.785911 0.666271 0.020194 0.011924
3 0.785911 0.663349 0.011996 0.005344
4 0.785911 0.669834 0.006955 0.005344
2 0.785911 0.785202 0.020194 0.011924
3 0.785911 0.782280 0.011996 0.005344
4 0.785911 0.788836 0.006955 0.005344
2 0.785911 0.809038 0.020194 0.011853
3 0.785911 0.806081 0.011996 0.005344
4 0.785911 0.812565 0.006955 0.005344
2 0.180085 0.904204 0.020194 0.011924
3 0.180085 0.901211 0.006955 0.005344
4 0.180085 0.907767 0.006955 0.005344
2 0.785911 0.309371 0.020194 0.011853
3 0.785911 0.306413 0.011996 0.005344
4 0.785911 0.312969 0.006955 0.005344
5 0.161839 0.882803 0.027116 0.006437
5 0.195508 0.882803 0.027116 0.006437
5 0.229176 0.882803 0.027116 0.006437
5 0.252764 0.882803 0.006955 0.006437
5 0.751537 0.814964 0.027116 0.006437
5 0.748211 0.791235 0.033769 0.006437
5 0.749924 0.672227 0.027116 0.006425
5 0.748211 0.648426 0.033769 0.006425
5 0.660915 0.600255 0.027116 0.006425
5 0.655825 0.575885 0.033870 0.006425
5 0.655825 0.505695 0.033870 0.006425
5 0.655825 0.481894 0.033870 0.006425
5 0.655825 0.459305 0.033870 0.006425
5 0.655825 0.434293 0.033870 0.006425
5 0.655825 0.410493 0.033870 0.006425
5 0.661722 0.316502 0.020463 0.006425
5 0.688636 0.267191 0.027116 0.006425
5 0.688636 0.243391 0.027116 0.006425
5 0.688636 0.219590 0.027116 0.006425
5 0.785709 0.221372 0.020463 0.006425
5 0.785709 0.245172 0.020463 0.006425
5 0.785709 0.268973 0.020463 0.006425
5 0.496808 0.267191 0.027116 0.006425
5 0.496808 0.243391 0.027116 0.006425
5 0.496808 0.219590 0.027116 0.006425
5 0.408404 0.267191 0.027116 0.006425
5 0.408404 0.243391 0.027116 0.006425
5 0.408404 0.219590 0.027116 0.006425
5 0.349535 0.243391 0.027116 0.006425
5 0.349535 0.219590 0.027116 0.006425
5 0.349535 0.267191 0.027116 0.006425
5 0.642670 0.149970 0.020463 0.006425
5 0.642670 0.126241 0.020463 0.006425
5 0.562431 0.123818 0.020463 0.006425
5 0.562431 0.147619 0.020463 0.006425
5 0.229176 0.091681 0.027116 0.006425
5 0.195508 0.091681 0.027116 0.006425
5 0.161839 0.091681 0.027116 0.006425