0 0.381993 0.235012 0.030275 0.008361
1 0.371883 0.227357 0.013548 0.006425
0 0.432496 0.235012 0.030275 0.008361
1 0.422385 0.227357 0.013548 0.006425
0 0.482998 0.235012 0.030275 0.008361
1 0.472807 0.227357 0.013588 0.006425
0 0.533500 0.235012 0.030275 0.008361
1 0.523309 0.227357 0.013588 0.006425
0 0.584003 0.235012 0.030275 0.008361
1 0.573791 0.227357 0.013548 0.006425
0 0.634454 0.235012 0.030375 0.008361
1 0.624294 0.227357 0.013548 0.006425
0 0.726992 0.237969 0.037028 0.016698
1 0.727042 0.234483 0.013608 0.006425
0 0.726992 0.273705 0.037028 0.016627
1 0.727042 0.270113 0.013608 0.006425
0 0.722859 0.331105 0.037028 0.006580
1 0.716014 0.324270 0.020382 0.006425
0 0.541917 0.325903 0.030375 0.016983
1 0.531756 0.314721 0.013548 0.006425
0 0.432496 0.336164 0.030275 0.008290
1 0.422385 0.324911 0.013548 0.006425
0 0.429975 0.371259 0.025234 0.009501
1 0.422385 0.358189 0.013548 0.006425
0 0.592420 0.333171 0.016666 0.014276
1 0.607545 0.302892 0.043759 0.006425
0 0.626088 0.333171 0.003360 0.014276
1 0.607545 0.302892 0.043759 0.006425