0 0.567118 0.303420 0.121098 0.395012
1 0.552821 0.102381 0.028057 0.008587
0 0.701791 0.547268 0.037028 0.016627
1 0.701791 0.543747 0.013709 0.006425
0 0.701791 0.582969 0.037028 0.016627
1 0.701791 0.579448 0.013709 0.006425
0 0.177565 0.764394 0.025234 0.008361
1 0.169893 0.753177 0.013588 0.006425
0 0.182605 0.794145 0.025234 0.008290
1 0.173291 0.787666 0.020382 0.006425
0 0.699271 0.333171 0.042068 0.016698
1 0.701791 0.329614 0.013709 0.006425
0 0.701791 0.368836 0.037028 0.016627
1 0.701791 0.365315 0.013709 0.006425