0 0.286936 0.176081 0.025234 0.033302
1 0.279300 0.148759 0.020312 0.006425
0 0.381943 0.178504 0.023521 0.026176
1 0.371825 0.147619 0.006779 0.006425
0 0.482998 0.163646 0.030275 0.010713
1 0.472842 0.149970 0.020312 0.006425
0 0.600837 0.163646 0.030275 0.010713
1 0.590681 0.149970 0.020312 0.006425
0 0.718625 0.178504 0.070697 0.026176
1 0.708419 0.161871 0.020312 0.006425
0 0.718625 0.273634 0.070697 0.026176
1 0.708419 0.257072 0.020312 0.006425
0 0.599123 0.258777 0.026847 0.010713
1 0.590681 0.245172 0.020312 0.006425
0 0.600786 0.459264 0.127953 0.040428
1 0.590681 0.454531 0.020312 0.006425
0 0.516666 0.511603 0.036928 0.061876
1 0.506309 0.547310 0.020312 0.006425
0 0.600786 0.459264 0.127953 0.040428
1 0.594536 0.427167 0.121972 0.006425
0 0.449330 0.496710 0.030275 0.010713
1 0.439174 0.481894 0.020312 0.006425
0 0.575585 0.511603 0.037028 0.016698
1 0.575535 0.508046 0.013608 0.006425
0 0.626088 0.510428 0.037028 0.019050
1 0.626037 0.508046 0.013608 0.006425
0 0.708545 0.496140 0.033601 0.009572
1 0.700052 0.489020 0.020312 0.006425
0 0.767414 0.496140 0.033601 0.009572
1 0.758921 0.489020 0.020312 0.006425