0 0.264255 0.164252 0.030275 0.033302
1 0.254099 0.136930 0.020312 0.006425
0 0.381943 0.166603 0.023521 0.026176
1 0.371825 0.135719 0.006779 0.006425
0 0.516666 0.151746 0.030275 0.010713
1 0.506510 0.138070 0.020312 0.006425
0 0.457747 0.280796 0.127953 0.040499
1 0.451497 0.248735 0.121972 0.006425
0 0.365210 0.342078 0.037028 0.079691
1 0.354877 0.386692 0.020261 0.006425
0 0.314707 0.318278 0.030375 0.010713
1 0.304546 0.304673 0.013548 0.006425
0 0.582289 0.317672 0.033702 0.009501
1 0.573791 0.310588 0.013548 0.006425
0 0.631078 0.317672 0.030275 0.009501
1 0.624273 0.310588 0.020362 0.006425
0 0.632741 0.270713 0.026948 0.010641
1 0.624294 0.257072 0.013548 0.006425
0 0.432496 0.343860 0.036928 0.018979
1 0.432496 0.341514 0.013608 0.006425
0 0.483048 0.345036 0.037028 0.016627
1 0.482998 0.341514 0.013608 0.006425
0 0.700128 0.318278 0.026847 0.010713
1 0.695017 0.304673 0.020322 0.006425
0 0.457747 0.447363 0.127953 0.040428
1 0.451497 0.415267 0.121972 0.006425
0 0.365210 0.508610 0.037028 0.079691
1 0.354877 0.553296 0.020261 0.006425
0 0.432496 0.511603 0.036928 0.021401
1 0.432496 0.508046 0.013608 0.006425
0 0.483048 0.511603 0.037028 0.016698
1 0.482998 0.508046 0.013608 0.006425
0 0.599123 0.484204 0.033702 0.009501
1 0.590625 0.477120 0.013548 0.006425
0 0.314707 0.484810 0.030375 0.010713
1 0.304546 0.471205 0.013548 0.006425
0 0.314707 0.603812 0.030375 0.010713
1 0.304546 0.590137 0.013548 0.006425
0 0.312994 0.687043 0.026948 0.010713
1 0.304546 0.673438 0.013548 0.006425
0 0.432546 0.701936 0.070697 0.035653
1 0.422340 0.668664 0.020312 0.006425
0 0.600837 0.687043 0.030275 0.010713
1 0.590625 0.673438 0.013548 0.006425
0 0.651289 0.700760 0.037028 0.019050
1 0.651289 0.698450 0.013709 0.006425
0 0.651289 0.772126 0.037028 0.018979
1 0.651289 0.769780 0.013709 0.006425
0 0.651289 0.844703 0.037028 0.021330
1 0.651289 0.841182 0.013709 0.006425
0 0.600837 0.829846 0.030275 0.010713
1 0.590625 0.816170 0.013548 0.006425
0 0.602500 0.758444 0.026948 0.010713
1 0.590625 0.744768 0.013548 0.006425