0 0.562078 0.741805 0.127751 0.355677
1 0.548590 0.572262 0.029676 0.008587
0 0.880112 0.601995 0.057189 0.040428
1 0.880565 0.606776 0.011996 0.010701
0 0.833893 0.523504 0.193575 0.085677
1 0.836830 0.468753 0.070487 0.007506
0 0.265918 0.603207 0.067269 0.059525
1 0.260788 0.559210 0.020382 0.006425
0 0.346712 0.603812 0.033702 0.055891
1 0.338214 0.572322 0.013548 0.006425
0 0.405581 0.603812 0.033702 0.055891
1 0.397083 0.572322 0.013548 0.006425
0 0.558701 0.306378 0.134505 0.365154
1 0.548590 0.132096 0.029676 0.008587
0 0.718625 0.176722 0.016868 0.089169
1 0.715223 0.127381 0.020413 0.006425
0 0.880112 0.161829 0.057189 0.040428
1 0.880565 0.166609 0.011996 0.010701
0 0.407244 0.163646 0.030375 0.055891
1 0.397083 0.132156 0.013548 0.006425
0 0.346712 0.163646 0.033702 0.055891
1 0.338214 0.132156 0.013548 0.006425
0 0.265918 0.163005 0.067269 0.059454
1 0.260788 0.119044 0.020382 0.006425
0 0.584003 0.092850 0.030275 0.033302
1 0.577148 0.065529 0.013608 0.006425
0 0.649625 0.079739 0.033702 0.009501
1 0.637781 0.072654 0.013508 0.006425
0 0.649625 0.103539 0.033702 0.009501
1 0.637781 0.096455 0.013508 0.006425
0 0.833893 0.083337 0.193575 0.085677
1 0.703172 0.043480 0.070502 0.007506
0 0.649625 0.519905 0.033702 0.009501
1 0.641158 0.512821 0.020261 0.006425
0 0.649625 0.543705 0.033702 0.009501
1 0.641158 0.536621 0.020261 0.006425
0 0.885202 0.090748 0.057290 0.058884
1 0.886597 0.047613 0.044219 0.007506
0 0.840647 0.083337 0.180068 0.085677
1 0.806710 0.047613 0.052989 0.007506
0 0.886916 0.530914 0.053862 0.058884
1 0.886597 0.487779 0.044219 0.007506
0 0.840647 0.523504 0.180068 0.085677
1 0.806710 0.487779 0.052989 0.007506
2 0.146416 0.073824 0.020194 0.011924
3 0.146416 0.070903 0.006955 0.005344
4 0.146416 0.077387 0.011996 0.005344
2 0.718625 0.229062 0.020295 0.011853
3 0.718575 0.226105 0.011996 0.005344
4 0.718575 0.232660 0.011996 0.005344
2 0.777544 0.214204 0.020194 0.011924
3 0.777544 0.211211 0.011996 0.005344
4 0.777544 0.217767 0.011996 0.005344
2 0.777544 0.238005 0.020194 0.011924
3 0.777544 0.235012 0.017036 0.005344
4 0.777544 0.241568 0.006955 0.005344
2 0.777544 0.249869 0.020194 0.011853
3 0.777544 0.246912 0.017036 0.005344
4 0.777544 0.253468 0.006955 0.005344
2 0.777544 0.261805 0.020194 0.011924
3 0.777544 0.258812 0.017036 0.005344
4 0.777544 0.265368 0.006955 0.005344
2 0.777544 0.273670 0.020194 0.011853
3 0.777544 0.270713 0.017036 0.005344
4 0.777544 0.277268 0.006955 0.005344
2 0.777544 0.285570 0.020194 0.011853
3 0.777544 0.282613 0.017036 0.005344
4 0.777544 0.289169 0.006955 0.005344
2 0.777544 0.296865 0.020194 0.011924
3 0.777544 0.293943 0.017036 0.005344
4 0.777544 0.300499 0.011996 0.005344
2 0.777544 0.321271 0.020194 0.011853
3 0.777544 0.318314 0.017036 0.005344
4 0.777544 0.324869 0.006955 0.005344
2 0.777544 0.333135 0.020194 0.011924
3 0.777544 0.330214 0.017036 0.005344
4 0.777544 0.336770 0.006955 0.005344
2 0.777544 0.356936 0.020194 0.011924
3 0.777544 0.354014 0.011996 0.005344
4 0.777544 0.360570 0.011996 0.005344
2 0.777544 0.368836 0.020194 0.011924
3 0.777544 0.365914 0.011996 0.005344
4 0.777544 0.372470 0.011996 0.005344
2 0.777544 0.428337 0.020194 0.011924
3 0.777544 0.425416 0.011996 0.005344
4 0.777544 0.431900 0.011996 0.005344
2 0.777544 0.440238 0.020194 0.011924
3 0.777544 0.437245 0.011996 0.005344
4 0.777544 0.443800 0.011996 0.005344
0 0.584003 0.533017 0.030275 0.033302
1 0.577148 0.505695 0.013608 0.006425
2 0.777544 0.654335 0.020194 0.011853
3 0.777544 0.651449 0.011996 0.005344
4 0.777544 0.657933 0.011996 0.005344
2 0.718625 0.669228 0.020295 0.011853
3 0.718575 0.666271 0.011996 0.005344
4 0.718575 0.672827 0.011996 0.005344
0 0.716105 0.616888 0.025335 0.089169
1 0.715223 0.567548 0.020413 0.006425
2 0.777544 0.678135 0.020194 0.011853
3 0.777544 0.675178 0.017036 0.005344
4 0.777544 0.681734 0.011996 0.005344
2 0.777544 0.690036 0.020194 0.011853
3 0.777544 0.687150 0.017036 0.005344
4 0.777544 0.693634 0.011996 0.005344
2 0.777544 0.701971 0.020194 0.011924
3 0.777544 0.698979 0.017036 0.005344
4 0.777544 0.705534 0.011996 0.005344
2 0.777544 0.713836 0.020194 0.011853
3 0.777544 0.710879 0.017036 0.005344
4 0.777544 0.717435 0.011996 0.005344
2 0.777544 0.725701 0.020194 0.002375
3 0.777544 0.722779 0.017036 0.005344
4 0.777544 0.729335 0.011996 0.005344
2 0.777544 0.737067 0.020194 0.011853
3 0.777544 0.734109 0.017036 0.005344
4 0.777544 0.740665 0.011996 0.005344
2 0.777544 0.761401 0.020194 0.011924
3 0.777544 0.758480 0.017036 0.005344
4 0.777544 0.765036 0.011996 0.005344
2 0.777544 0.773337 0.020194 0.011853
3 0.777544 0.770380 0.017036 0.005344
4 0.777544 0.776936 0.011996 0.005344
2 0.777544 0.797102 0.020194 0.011924
3 0.777544 0.794181 0.011996 0.005344
4 0.777544 0.800736 0.011996 0.005344
2 0.777544 0.809038 0.020194 0.011853
3 0.777544 0.806081 0.011996 0.005344
4 0.777544 0.812565 0.011996 0.005344
2 0.777544 0.868504 0.020194 0.011924
3 0.777544 0.865582 0.011996 0.005344
4 0.777544 0.872067 0.011996 0.005344
2 0.777544 0.880404 0.020194 0.011924
3 0.777544 0.877411 0.011996 0.005344
4 0.777544 0.884038 0.011996 0.005344
2 0.146416 0.908943 0.020194 0.011853
3 0.146416 0.905986 0.006955 0.005344
4 0.146416 0.912542 0.006955 0.005344
5 0.128171 0.091681 0.027116 0.006425
5 0.161839 0.091681 0.027116 0.006425
5 0.195508 0.091681 0.027116 0.006425
5 0.219095 0.091681 0.006955 0.006425
5 0.128171 0.882797 0.027116 0.006425
5 0.161839 0.882797 0.027116 0.006425
5 0.195508 0.882797 0.027116 0.006425
5 0.219095 0.882803 0.006955 0.006437
5 0.378969 0.147619 0.027116 0.006425
5 0.378969 0.171419 0.027116 0.006425
5 0.378969 0.195220 0.027116 0.006425
5 0.320050 0.147619 0.027217 0.006425
5 0.320050 0.171419 0.027217 0.006425
5 0.320050 0.195220 0.027217 0.006425
5 0.475740 0.148189 0.027116 0.006425
5 0.475740 0.171989 0.027116 0.006425
5 0.475740 0.195790 0.027116 0.006425
5 0.640654 0.146407 0.020463 0.006425
5 0.640654 0.170208 0.020463 0.006425
5 0.640654 0.194008 0.020463 0.006425
5 0.819428 0.149970 0.013709 0.006425
5 0.819428 0.173771 0.013709 0.006425
5 0.819428 0.197571 0.013709 0.006425
5 0.693172 0.090540 0.020463 0.006425
5 0.693172 0.114270 0.020463 0.006425
5 0.611219 0.088118 0.020463 0.006425
5 0.611219 0.111918 0.020463 0.006425
5 0.637277 0.217809 0.020362 0.006425
5 0.639847 0.241609 0.033971 0.006425
5 0.639847 0.253438 0.033971 0.006425
5 0.639847 0.265410 0.033971 0.006425
5 0.639847 0.277239 0.033971 0.006425
5 0.639847 0.289210 0.033971 0.006425
5 0.639847 0.324911 0.033971 0.006425
5 0.636420 0.336740 0.027116 0.006425
5 0.739794 0.360540 0.033870 0.006425
5 0.602046 0.297476 0.013205 0.006425
5 0.590807 0.285576 0.044152 0.006425
5 0.590807 0.273676 0.044152 0.006425
5 0.590807 0.261847 0.044152 0.006425
5 0.598972 0.249875 0.019354 0.006425
5 0.598972 0.238046 0.019354 0.006425
5 0.598972 0.226146 0.019354 0.006425
5 0.590807 0.214246 0.044152 0.006425
5 0.590807 0.321277 0.044152 0.006425
5 0.602046 0.333177 0.013205 0.006425
5 0.594990 0.352203 0.044051 0.006425
5 0.602298 0.372441 0.019354 0.006425
5 0.602046 0.380778 0.013205 0.006425
5 0.602046 0.392678 0.013205 0.006425
5 0.602046 0.404578 0.013205 0.006425
5 0.598972 0.419400 0.019354 0.006425
5 0.598972 0.431372 0.019354 0.006425
5 0.598972 0.443201 0.019354 0.006425
5 0.602046 0.452108 0.013205 0.006425
5 0.602046 0.464080 0.013205 0.006425
5 0.602046 0.475909 0.013205 0.006425
5 0.741457 0.372441 0.027116 0.006425
5 0.739794 0.431942 0.033870 0.006425
5 0.743171 0.443842 0.027116 0.006425
5 0.744985 0.219590 0.027116 0.006425
5 0.324283 0.588355 0.027217 0.006425
5 0.324283 0.612156 0.027217 0.006425
5 0.324283 0.635956 0.027217 0.006425
5 0.374786 0.588355 0.027217 0.006425
5 0.374786 0.612156 0.027217 0.006425
5 0.374786 0.635956 0.027217 0.006425
5 0.475740 0.588355 0.027116 0.006425
5 0.475740 0.612156 0.027116 0.006425
5 0.475740 0.635956 0.027116 0.006425
5 0.640654 0.586574 0.020463 0.006425
5 0.640654 0.610374 0.020463 0.006425
5 0.640654 0.634175 0.020463 0.006425
5 0.637277 0.657975 0.020362 0.006425
5 0.639847 0.681776 0.033971 0.006425
5 0.639847 0.693676 0.033971 0.006425
5 0.639847 0.705576 0.033971 0.006425
5 0.639847 0.717405 0.033971 0.006425
5 0.639847 0.729376 0.033971 0.006425
5 0.639847 0.741205 0.033971 0.006425
5 0.639847 0.765006 0.033971 0.006425
5 0.636420 0.776906 0.027116 0.006425
5 0.586573 0.654412 0.044152 0.006425
5 0.598972 0.666312 0.019354 0.006425
5 0.598972 0.678213 0.019354 0.006425
5 0.598972 0.690113 0.019354 0.006425
5 0.590807 0.702013 0.044152 0.006425
5 0.590807 0.713842 0.044152 0.006425
5 0.590807 0.725814 0.044152 0.006425
5 0.602046 0.737643 0.013205 0.006425
5 0.590807 0.761443 0.044152 0.006425
5 0.602046 0.773343 0.013205 0.006425
5 0.594990 0.792441 0.044051 0.006425
5 0.602298 0.812607 0.019354 0.006425
5 0.602046 0.820944 0.013205 0.006425
5 0.602046 0.832844 0.013205 0.006425
5 0.602046 0.844745 0.013205 0.006425
5 0.598972 0.859638 0.019354 0.006425
5 0.598972 0.871538 0.019354 0.006425
5 0.598972 0.883367 0.019354 0.006425
5 0.602046 0.892346 0.013205 0.006425
5 0.602046 0.904246 0.013205 0.006425
5 0.602046 0.916075 0.013205 0.006425
5 0.743171 0.884008 0.027116 0.006425
5 0.739794 0.872108 0.033870 0.006425
5 0.741457 0.812607 0.027116 0.006425
5 0.739794 0.800707 0.033870 0.006425
5 0.744985 0.659757 0.027116 0.006425
5 0.824468 0.638949 0.013709 0.006425
5 0.824468 0.615148 0.013709 0.006425
5 0.824468 0.591348 0.013709 0.006425
5 0.693172 0.530707 0.020463 0.006425
5 0.693172 0.554507 0.020463 0.006425
5 0.619636 0.528925 0.020362 0.006425
5 0.619636 0.552654 0.020362 0.006425
5 0.639847 0.301110 0.033971 0.006425