0 0.264255 0.104751 0.030275 0.033302
1 0.254099 0.077429 0.020312 0.006425
0 0.381943 0.107102 0.023521 0.026176
1 0.371825 0.076217 0.006779 0.006425
0 0.499832 0.092245 0.030275 0.010713
1 0.489676 0.078569 0.020312 0.006425
0 0.392124 0.214204 0.158194 0.073777
1 0.325228 0.173741 0.020639 0.007506
0 0.264255 0.187411 0.023622 0.010641
1 0.254044 0.173771 0.013548 0.006425
0 0.582339 0.187411 0.026948 0.010641
1 0.573791 0.173771 0.013548 0.006425
0 0.584003 0.246912 0.023622 0.010641
1 0.573791 0.233272 0.013548 0.006425
0 0.582339 0.306378 0.026948 0.010713
1 0.573791 0.292773 0.013548 0.006425
0 0.634454 0.321235 0.037028 0.016627
1 0.634454 0.317714 0.013709 0.006425
0 0.634454 0.261770 0.037028 0.016698
1 0.634454 0.258284 0.013709 0.006425
0 0.634454 0.202268 0.037028 0.016698
1 0.634454 0.198783 0.013709 0.006425
0 0.681580 0.186841 0.030275 0.009501
1 0.674751 0.179685 0.020312 0.006425
0 0.681580 0.246342 0.030275 0.009501
1 0.674751 0.239186 0.020312 0.006425
0 0.681580 0.305772 0.030275 0.009501
1 0.674751 0.298688 0.020312 0.006425
0 0.584003 0.365879 0.030275 0.010713
1 0.573791 0.352203 0.013548 0.006425
0 0.634454 0.380736 0.037028 0.016627
1 0.634454 0.377215 0.013709 0.006425
0 0.264255 0.365879 0.030275 0.010713
1 0.254044 0.352203 0.013548 0.006425
0 0.380280 0.392637 0.141359 0.073777
1 0.325228 0.352173 0.020639 0.007506
0 0.567168 0.419394 0.030275 0.010713
1 0.560344 0.405790 0.020322 0.006425
0 0.582339 0.472945 0.026948 0.010641
1 0.573791 0.459305 0.013548 0.006425
0 0.617620 0.434287 0.037028 0.016698
1 0.617620 0.430730 0.013709 0.006425
0 0.584003 0.532411 0.030275 0.010713
1 0.573791 0.518735 0.013548 0.006425
0 0.390410 0.559169 0.161621 0.073777
1 0.325228 0.518705 0.020639 0.007506
0 0.262592 0.532411 0.026948 0.010713
1 0.257431 0.517595 0.020322 0.006425
0 0.264255 0.639513 0.030275 0.010713
1 0.254044 0.625837 0.013548 0.006425
0 0.634454 0.547304 0.037028 0.021401
1 0.634454 0.543747 0.013709 0.006425
0 0.440963 0.666271 0.161520 0.073777
1 0.375731 0.625808 0.020639 0.007506
0 0.609203 0.639513 0.030275 0.010713
1 0.599093 0.625837 0.013548 0.006425
0 0.651289 0.654371 0.037028 0.016627
1 0.651289 0.650778 0.013709 0.006425
0 0.609203 0.746544 0.030275 0.010713
1 0.602480 0.732939 0.020322 0.006425
0 0.651289 0.761437 0.037028 0.016698
1 0.651289 0.757880 0.013709 0.006425
0 0.609203 0.853610 0.030275 0.010641
1 0.602480 0.839970 0.020322 0.006425
0 0.651289 0.868504 0.037028 0.016627
1 0.651289 0.864982 0.013709 0.006425
0 0.440963 0.880404 0.161520 0.073777
1 0.375731 0.839941 0.020639 0.007506