0 0.449330 0.068444 0.030275 0.010713
1 0.439174 0.054768 0.020312 0.006425
0 0.649625 0.067874 0.033702 0.009572
1 0.641128 0.060754 0.013548 0.006425
0 0.716962 0.067874 0.033702 0.009572
1 0.708419 0.060754 0.020312 0.006425
0 0.255788 0.211781 0.030275 0.033302
1 0.245632 0.185671 0.020312 0.006425
0 0.390461 0.199311 0.030275 0.010784
1 0.380305 0.184460 0.020312 0.006425
0 0.466164 0.199311 0.030275 0.010784
1 0.456053 0.183319 0.013548 0.006425
0 0.508249 0.211211 0.037028 0.055962
1 0.497917 0.243961 0.020261 0.006425
0 0.588186 0.149964 0.102752 0.040499
1 0.577702 0.117833 0.121972 0.006425
0 0.674877 0.198705 0.033601 0.009572
1 0.666349 0.190445 0.013588 0.006425
0 0.721145 0.198705 0.026948 0.009572
1 0.710132 0.190445 0.020312 0.006425
0 0.763230 0.174941 0.033702 0.009501
1 0.754733 0.167856 0.013548 0.006425
0 0.743876 0.297470 0.036928 0.016698
1 0.743826 0.293913 0.013709 0.006425
0 0.684957 0.330178 0.030375 0.010713
1 0.674796 0.322488 0.013548 0.006425
0 0.624374 0.330178 0.026948 0.010713
1 0.615846 0.322488 0.013588 0.006425
0 0.567168 0.330178 0.030275 0.010713
1 0.560344 0.322488 0.020322 0.006425
0 0.508249 0.330178 0.030375 0.010713
1 0.501475 0.322488 0.020322 0.006425
0 0.450186 0.329608 0.021908 0.009572
1 0.439138 0.322488 0.013588 0.006425
0 0.392981 0.330214 0.025234 0.008361
1 0.380249 0.323700 0.013548 0.006425
0 0.331541 0.330214 0.030174 0.008361
1 0.321380 0.323700 0.013548 0.006425
0 0.390461 0.294477 0.030275 0.008290
1 0.380249 0.287999 0.013548 0.006425
0 0.324737 0.147577 0.043782 0.159430
1 0.304387 0.047643 0.006779 0.006425
0 0.331541 0.377779 0.030174 0.008290
1 0.324767 0.371229 0.020322 0.006425
0 0.390461 0.377779 0.030275 0.008290
1 0.383636 0.371229 0.020322 0.006425
0 0.449330 0.377779 0.030275 0.008290
1 0.442536 0.371229 0.020382 0.006425
0 0.508249 0.377779 0.030375 0.008290
1 0.498088 0.371229 0.013548 0.006425
0 0.567168 0.377779 0.030275 0.008290
1 0.556957 0.371229 0.013548 0.006425
0 0.626037 0.377779 0.030275 0.008290
1 0.615846 0.371229 0.013588 0.006425
0 0.684957 0.377779 0.030375 0.008290
1 0.674796 0.371229 0.013548 0.006425
0 0.684957 0.425344 0.030375 0.008361
1 0.674796 0.418830 0.013548 0.006425
0 0.626037 0.425344 0.030275 0.008361
1 0.615846 0.418830 0.013588 0.006425
0 0.569689 0.425344 0.025234 0.008361
1 0.556957 0.418830 0.013548 0.006425
0 0.508249 0.425344 0.030375 0.008361
1 0.498088 0.418830 0.013548 0.006425
0 0.449330 0.425344 0.030275 0.008361
1 0.439138 0.418830 0.013588 0.006425
0 0.390461 0.425344 0.030275 0.008361
1 0.380249 0.418830 0.013548 0.006425
0 0.331541 0.425344 0.030174 0.008361
1 0.321380 0.418830 0.013548 0.006425
0 0.329878 0.472945 0.026847 0.010641
1 0.321411 0.465220 0.020261 0.006425
0 0.390461 0.472945 0.030275 0.008361
1 0.380249 0.466431 0.013548 0.006425
0 0.743876 0.475938 0.036928 0.016627
1 0.743826 0.472346 0.013709 0.006425
0 0.735459 0.499703 0.023521 0.009572
1 0.756104 0.495006 0.020322 0.006425
0 0.743876 0.523504 0.036928 0.016698
1 0.743826 0.519947 0.013709 0.006425
0 0.735459 0.547268 0.023521 0.009501
1 0.756104 0.542536 0.020322 0.006425
0 0.676489 0.618634 0.023521 0.016556
1 0.666349 0.605600 0.013588 0.006425
0 0.676489 0.654335 0.023521 0.016556
1 0.666349 0.641300 0.013588 0.006425
0 0.676489 0.690036 0.023521 0.016556
1 0.666349 0.677001 0.013588 0.006425
0 0.552854 0.633563 0.025234 0.008361
1 0.543510 0.627049 0.020322 0.006425
0 0.552854 0.669228 0.025234 0.008290
1 0.543510 0.662749 0.020322 0.006425
0 0.550334 0.704929 0.030275 0.008290
1 0.543510 0.698450 0.020322 0.006425
0 0.499832 0.693029 0.030275 0.008290
1 0.489641 0.681776 0.013588 0.006425
0 0.497312 0.657328 0.025234 0.008290
1 0.489641 0.646075 0.013588 0.006425
0 0.499832 0.615713 0.030275 0.008290
1 0.489641 0.609163 0.013588 0.006425
0 0.380330 0.568112 0.026948 0.010713
1 0.371883 0.553296 0.013548 0.006425
0 0.502352 0.722743 0.025234 0.008290
1 0.489641 0.716265 0.013588 0.006425
0 0.499832 0.758444 0.030275 0.008290
1 0.489641 0.751966 0.013588 0.006425
0 0.550334 0.740629 0.030275 0.008290
1 0.543510 0.734080 0.020322 0.006425
0 0.550334 0.776295 0.030275 0.008361
1 0.543564 0.769780 0.027082 0.006425
0 0.550334 0.811995 0.030275 0.008361
1 0.543564 0.805481 0.027082 0.006425
0 0.499832 0.829810 0.030275 0.008361
1 0.489641 0.823367 0.013588 0.006425
0 0.550334 0.847660 0.030275 0.008290
1 0.543564 0.841182 0.027082 0.006425
0 0.497312 0.871461 0.025234 0.008290
1 0.489641 0.860208 0.013588 0.006425
0 0.550334 0.883361 0.030275 0.008290
1 0.543564 0.876882 0.027082 0.006425
0 0.676489 0.868504 0.023521 0.016627
1 0.660915 0.863771 0.006955 0.006425
0 0.676489 0.832803 0.023521 0.016627
1 0.666349 0.819804 0.013588 0.006425
0 0.676489 0.797102 0.023521 0.016627
1 0.666349 0.784032 0.013588 0.006425
0 0.676489 0.761401 0.023521 0.016627
1 0.666349 0.748331 0.013588 0.006425
0 0.676489 0.725701 0.023521 0.016627
1 0.666349 0.712702 0.013588 0.006425
2 0.146416 0.089252 0.020194 0.011853
3 0.146416 0.086366 0.006955 0.005344
4 0.146416 0.092922 0.011996 0.005344
0 0.499832 0.082126 0.037129 0.018979
1 0.499882 0.079780 0.013709 0.006425
2 0.798511 0.071437 0.020194 0.011853
3 0.798511 0.068480 0.006955 0.005344
4 0.798511 0.075036 0.006955 0.005344
2 0.798511 0.095202 0.020194 0.011924
3 0.798511 0.092280 0.006955 0.005344
4 0.798511 0.098836 0.006955 0.005344
2 0.819579 0.202304 0.020194 0.011924
3 0.819579 0.199382 0.011996 0.005344
4 0.819579 0.205867 0.006955 0.005344
2 0.819579 0.226069 0.020194 0.011853
3 0.819579 0.223183 0.011996 0.005344
4 0.819579 0.229667 0.006955 0.005344
2 0.146416 0.916069 0.020194 0.011853
3 0.146416 0.913112 0.011996 0.005344
4 0.146416 0.919667 0.006955 0.005344
2 0.272622 0.916069 0.020194 0.011853
3 0.272622 0.913112 0.006955 0.005344
4 0.272622 0.919667 0.011996 0.005344
2 0.289456 0.916069 0.020194 0.011853
3 0.289456 0.913112 0.011996 0.005344
4 0.289456 0.919667 0.006955 0.005344
5 0.609002 0.875677 0.027116 0.006437
5 0.600837 0.850659 0.006955 0.006425
5 0.731881 0.875671 0.027116 0.006425
5 0.609002 0.802494 0.027116 0.006437
5 0.609002 0.766793 0.027116 0.006437
5 0.609002 0.731158 0.027116 0.006425
5 0.609002 0.695457 0.027116 0.006425
5 0.609002 0.659757 0.027116 0.006425
5 0.609002 0.624056 0.027116 0.006425
5 0.296512 0.894703 0.027116 0.006437
5 0.248379 0.894703 0.027217 0.006437
5 0.219095 0.894703 0.006955 0.006437
5 0.188804 0.894703 0.013709 0.006437
5 0.155136 0.894703 0.013709 0.006437
5 0.121468 0.894703 0.013709 0.006437
5 0.449128 0.600897 0.027116 0.006425
5 0.449128 0.577096 0.027116 0.006425
5 0.423927 0.481324 0.025503 0.006425
5 0.360825 0.481324 0.025503 0.006425
5 0.718423 0.433723 0.025604 0.006425
5 0.659504 0.433723 0.025503 0.006425
5 0.596401 0.433723 0.025503 0.006425
5 0.533299 0.433723 0.025503 0.006425
5 0.478613 0.433723 0.025604 0.006425
5 0.419694 0.433723 0.025503 0.006425
5 0.360825 0.433723 0.025503 0.006425
5 0.360825 0.386122 0.025503 0.006425
5 0.419694 0.386122 0.025503 0.006425
5 0.478613 0.386122 0.025604 0.006425
5 0.537532 0.386122 0.025503 0.006425
5 0.596401 0.386122 0.025503 0.006425
5 0.655270 0.386122 0.025503 0.006425
5 0.718423 0.386122 0.025604 0.006425
5 0.718423 0.338521 0.025604 0.006425
5 0.655270 0.338521 0.025503 0.006425
5 0.596401 0.338521 0.025503 0.006425
5 0.537532 0.338521 0.025503 0.006425
5 0.478613 0.338521 0.025604 0.006425
5 0.419694 0.338521 0.025503 0.006425
5 0.360825 0.338521 0.025503 0.006425
5 0.360825 0.302892 0.025503 0.006425
5 0.617419 0.303462 0.027217 0.006425
5 0.775226 0.183319 0.054938 0.006425
5 0.775226 0.183319 0.054938 0.006425
5 0.775226 0.183319 0.054938 0.006425
5 0.789086 0.207120 0.027217 0.006425
5 0.365033 0.231490 0.022227 0.006425
5 0.365033 0.207690 0.022227 0.006425
5 0.436553 0.207690 0.022328 0.006425
5 0.627549 0.208260 0.027116 0.006425
5 0.699019 0.208260 0.027116 0.006425
5 0.768875 0.231490 0.027116 0.006425
5 0.768875 0.100018 0.027116 0.006425
5 0.768875 0.076217 0.027116 0.006425
5 0.684806 0.076787 0.027116 0.006425
5 0.617419 0.076787 0.027217 0.006425
5 0.415460 0.076217 0.027116 0.006425
5 0.415460 0.100018 0.027116 0.006425
5 0.285096 0.231490 0.027670 0.006425
5 0.285096 0.207690 0.027670 0.006425
5 0.121468 0.108355 0.013709 0.006425
5 0.154329 0.107856 0.013709 0.006425
5 0.188099 0.107144 0.013709 0.006425
5 0.218390 0.107144 0.006955 0.006425
5 0.516465 0.139281 0.027116 0.006425
5 0.516465 0.151182 0.027116 0.006425
5 0.609002 0.838195 0.027116 0.006437