0 0.268539 0.233765 0.028762 0.046485
1 0.254053 0.208260 0.027073 0.006425
0 0.352609 0.233765 0.028762 0.046485
1 0.338223 0.208260 0.027073 0.006425
0 0.436780 0.233765 0.028762 0.046485
1 0.422394 0.208260 0.027073 0.006425
0 0.461880 0.340796 0.028762 0.046485
1 0.455961 0.315362 0.027073 0.006425
0 0.329777 0.340796 0.033702 0.046485
1 0.321389 0.315362 0.027073 0.006425
0 0.259971 0.340796 0.028762 0.046485
1 0.254053 0.315362 0.027073 0.006425
0 0.184218 0.340796 0.028662 0.046485
1 0.178349 0.315362 0.027073 0.006425
0 0.379473 0.443195 0.025234 0.008290
1 0.371883 0.431942 0.013548 0.006425
0 0.446810 0.443195 0.025234 0.008290
1 0.439138 0.431942 0.013588 0.006425
0 0.701791 0.475938 0.037028 0.016627
1 0.701791 0.472346 0.013709 0.006425
0 0.701791 0.511603 0.037028 0.016698
1 0.701791 0.508046 0.013709 0.006425
0 0.701741 0.761401 0.023420 0.016627
1 0.691630 0.748331 0.013548 0.006425
0 0.180085 0.764394 0.030275 0.008361
1 0.169893 0.753177 0.013588 0.006425
0 0.177565 0.794145 0.025234 0.008290
1 0.169893 0.782892 0.013588 0.006425
0 0.180085 0.817945 0.030275 0.008290
1 0.173291 0.811395 0.020382 0.006425