0 0.348375 0.227530 0.144686 0.070784
1 0.325398 0.187352 0.088314 0.007506
0 0.567118 0.404537 0.121098 0.573444
1 0.552821 0.114210 0.028057 0.008587
0 0.381993 0.443195 0.030275 0.008290
1 0.371883 0.431942 0.013548 0.006425
0 0.446810 0.443195 0.025234 0.008290
1 0.439138 0.431942 0.013588 0.006425
0 0.701791 0.475938 0.037028 0.016627
1 0.701791 0.472346 0.013709 0.006425
0 0.701791 0.511603 0.037028 0.016698
1 0.701791 0.508046 0.013709 0.006425
0 0.178371 0.745938 0.033702 0.009501
1 0.169893 0.738854 0.013588 0.006425
0 0.245707 0.745938 0.033702 0.009501
1 0.237210 0.738854 0.013548 0.006425
0 0.180085 0.782245 0.030275 0.008290
1 0.169893 0.775766 0.013588 0.006425
0 0.180085 0.811995 0.030275 0.008361
1 0.173291 0.805481 0.020382 0.006425