0 0.219095 0.079952 0.098216 0.036152
1 0.211162 0.044721 0.020322 0.006425
0 0.329828 0.080344 0.033601 0.032090
1 0.324767 0.060754 0.020322 0.006425
0 0.220456 0.199347 0.033601 0.055891
1 0.212009 0.167856 0.013548 0.006425
0 0.313044 0.199347 0.033702 0.055891
1 0.304546 0.167856 0.013548 0.006425
0 0.567118 0.090143 0.084003 0.069501
1 0.560646 0.052387 0.020322 0.007506
0 0.691257 0.406033 0.116965 0.475249
1 0.677981 0.151182 0.020322 0.006425
0 0.784701 0.202304 0.015960 0.061805
1 0.787857 0.167856 0.020322 0.006425
0 0.374030 0.202304 0.015960 0.061805
1 0.368818 0.167856 0.020322 0.006425
0 0.348375 0.333135 0.050334 0.043990
1 0.341400 0.308806 0.020322 0.006425
0 0.403111 0.440238 0.104365 0.043990
1 0.438157 0.415837 0.006787 0.006425
0 0.886916 0.436639 0.087531 0.566247
1 0.884127 0.151182 0.006821 0.006425
0 0.533500 0.685297 0.016767 0.059525
1 0.523344 0.641300 0.020312 0.006425
0 0.299536 0.686473 0.067370 0.059454
1 0.294456 0.642512 0.020382 0.006425
0 0.415661 0.687078 0.030275 0.055962
1 0.405470 0.655624 0.013588 0.006425
2 0.196919 0.107138 0.020194 0.011853
3 0.196919 0.104181 0.011996 0.005344
4 0.196919 0.110736 0.006955 0.005344
2 0.095914 0.202304 0.020194 0.011924
3 0.095914 0.199382 0.006955 0.005344
4 0.095914 0.205867 0.011996 0.005344
2 0.550334 0.157660 0.020194 0.011853
3 0.550334 0.154774 0.011996 0.005344
4 0.550334 0.161259 0.011996 0.005344
2 0.584003 0.157660 0.020194 0.011853
3 0.583952 0.154774 0.012096 0.005344
4 0.583952 0.161259 0.012096 0.005344
2 0.281089 0.321271 0.020194 0.011853
3 0.281089 0.318314 0.011996 0.005344
4 0.281089 0.324869 0.011996 0.005344
2 0.281089 0.345071 0.020194 0.011853
3 0.281089 0.342114 0.011996 0.005344
4 0.281089 0.348670 0.011996 0.005344
0 0.450186 0.264121 0.119485 0.221211
1 0.442334 0.151182 0.020382 0.006425
2 0.600837 0.330214 0.020194 0.011924
3 0.600837 0.327221 0.011996 0.005344
4 0.600837 0.333777 0.006955 0.005344
2 0.600837 0.342078 0.020194 0.011853
3 0.600837 0.339121 0.011996 0.005344
4 0.600837 0.345677 0.011996 0.005344
2 0.819579 0.365843 0.020194 0.011924
3 0.819579 0.362922 0.011996 0.005344
4 0.819579 0.369477 0.006955 0.005344
2 0.499832 0.440238 0.020194 0.011924
3 0.499832 0.437245 0.011996 0.005344
4 0.499832 0.443800 0.011996 0.005344
2 0.550334 0.725772 0.020194 0.011924
3 0.550334 0.722779 0.011996 0.005344
4 0.550334 0.729335 0.011996 0.005344
2 0.533500 0.725772 0.020194 0.011924
3 0.533500 0.722779 0.011996 0.005344
4 0.533500 0.729335 0.011996 0.005344
2 0.281089 0.725772 0.020194 0.011924
3 0.281089 0.722779 0.011996 0.005344
4 0.281089 0.729335 0.006955 0.005344
2 0.306290 0.440238 0.020194 0.011924
3 0.306290 0.437245 0.011996 0.005344
4 0.306290 0.443800 0.011996 0.005344
5 0.230385 0.671657 0.027116 0.006425
5 0.230385 0.695457 0.027116 0.006425
5 0.230385 0.719258 0.027116 0.006425
5 0.365008 0.671657 0.027217 0.006425
5 0.365008 0.695457 0.027217 0.006425
5 0.365008 0.719258 0.027217 0.006425
5 0.482796 0.671015 0.033971 0.006425
5 0.482796 0.694887 0.033971 0.006425
5 0.482796 0.718616 0.033971 0.006425
5 0.795840 0.673438 0.027217 0.006425
5 0.795840 0.697239 0.027217 0.006425
5 0.795840 0.721039 0.027217 0.006425
5 0.600635 0.516954 0.027116 0.006425
5 0.600635 0.493224 0.027116 0.006425
5 0.339757 0.445624 0.012802 0.006425
5 0.331088 0.445624 0.006955 0.006425
5 0.432344 0.377215 0.018548 0.006425
5 0.381842 0.350422 0.018548 0.006425
5 0.381842 0.326692 0.018548 0.006425
5 0.307399 0.326692 0.006955 0.006425
5 0.499681 0.067880 0.033870 0.006425
5 0.499681 0.091681 0.033870 0.006425
5 0.375088 0.075647 0.027217 0.006425
5 0.376751 0.099448 0.027116 0.006425
5 0.289254 0.076787 0.027116 0.006425
5 0.290968 0.100588 0.027116 0.006425
5 0.667972 0.076787 0.020463 0.006425
5 0.667972 0.094673 0.020463 0.006425
5 0.667972 0.112488 0.020463 0.006425
5 0.819428 0.185671 0.020362 0.006425
5 0.819428 0.209471 0.020362 0.006425
5 0.819428 0.233272 0.020362 0.006425
5 0.816001 0.311799 0.033870 0.006425
5 0.777292 0.362322 0.033870 0.006425
5 0.829508 0.578236 0.033870 0.006425
5 0.829508 0.554507 0.033870 0.006425
5 0.280888 0.290992 0.027116 0.006425
5 0.280888 0.267191 0.027116 0.006425
5 0.280888 0.231490 0.027116 0.006425
5 0.280888 0.207690 0.027116 0.006425
5 0.133614 0.232061 0.027116 0.006425
5 0.133614 0.208260 0.027116 0.006425
5 0.348174 0.231490 0.027217 0.006425
5 0.566967 0.255291 0.033971 0.006425
5 0.600635 0.145196 0.030140 0.006425
5 0.537482 0.145196 0.024394 0.006425
5 0.133614 0.184460 0.027116 0.006425
5 0.280888 0.183890 0.027116 0.006425
5 0.348174 0.183890 0.027217 0.006425
5 0.348174 0.207690 0.027217 0.006425
5 0.550133 0.183890 0.027116 0.006425
5 0.550133 0.207690 0.027116 0.006425
5 0.470196 0.445624 0.030140 0.006425
5 0.575384 0.335600 0.018548 0.006425
5 0.575384 0.347429 0.018548 0.006425