1 0.617620 0.875914 0.104365 0.052969
1 0.617620 0.786698 0.104365 0.052969
28 0.447666 0.746544 0.033601 0.055891
19 0.307953 0.745974 0.067269 0.059454
50 0.583952 0.568112 0.016868 0.063017
50 0.583952 0.472945 0.016868 0.063088
27 0.718625 0.571069 0.043681 0.030879
27 0.718625 0.475867 0.043681 0.030879
37 0.413998 0.472375 0.033601 0.057102
37 0.415661 0.567506 0.030275 0.057102
37 0.413998 0.377173 0.033601 0.057102
50 0.583952 0.377779 0.016868 0.063017
27 0.718625 0.380736 0.043681 0.030879