19 0.219095 0.079952 0.098216 0.036152
28 0.329828 0.080344 0.033601 0.032090
28 0.220456 0.199347 0.033601 0.055891
28 0.313044 0.199347 0.033702 0.055891
15 0.567118 0.090143 0.084003 0.069501
23 0.691257 0.406033 0.116965 0.475249
26 0.784701 0.202304 0.015960 0.061805
26 0.374030 0.202304 0.015960 0.061805
44 0.348375 0.333135 0.050334 0.043990
42 0.403111 0.440238 0.104365 0.043990
27 0.886916 0.436639 0.087531 0.566247
50 0.533500 0.685297 0.016767 0.059525
19 0.299536 0.686473 0.067370 0.059454
37 0.415661 0.687078 0.030275 0.055962
4 0.450186 0.264121 0.119485 0.221211