30 0.264255 0.104751 0.030275 0.033302
48 0.381943 0.107102 0.023521 0.026176
30 0.499832 0.092245 0.030275 0.010713
43 0.392124 0.214204 0.158194 0.073777
7 0.264255 0.187411 0.023622 0.010641
7 0.582339 0.187411 0.026948 0.010641
7 0.584003 0.246912 0.023622 0.010641
7 0.582339 0.306378 0.026948 0.010713
12 0.634454 0.321235 0.037028 0.016627
12 0.634454 0.261770 0.037028 0.016698
12 0.634454 0.202268 0.037028 0.016698
29 0.681580 0.186841 0.030275 0.009501
29 0.681580 0.246342 0.030275 0.009501
29 0.681580 0.305772 0.030275 0.009501
7 0.584003 0.365879 0.030275 0.010713
12 0.634454 0.380736 0.037028 0.016627
7 0.264255 0.365879 0.030275 0.010713
43 0.380280 0.392637 0.141359 0.073777
11 0.567168 0.419394 0.030275 0.010713
7 0.582339 0.472945 0.026948 0.010641
12 0.617620 0.434287 0.037028 0.016698
7 0.584003 0.532411 0.030275 0.010713
43 0.390410 0.559169 0.161621 0.073777
10 0.262592 0.532411 0.026948 0.010713
7 0.264255 0.639513 0.030275 0.010713
12 0.634454 0.547304 0.037028 0.021401
43 0.440963 0.666271 0.161520 0.073777
7 0.609203 0.639513 0.030275 0.010713
12 0.651289 0.654371 0.037028 0.016627
8 0.609203 0.746544 0.030275 0.010713
12 0.651289 0.761437 0.037028 0.016698
9 0.609203 0.853610 0.030275 0.010641
12 0.651289 0.868504 0.037028 0.016627
43 0.440963 0.880404 0.161520 0.073777