44 0.239004 0.169596 0.070697 0.073777
28 0.329828 0.163646 0.033601 0.055891
26 0.409361 0.166603 0.016061 0.061805
4 0.488088 0.255819 0.119485 0.276010
19 0.228017 0.259988 0.075737 0.039216
28 0.356792 0.300428 0.030275 0.008361
28 0.331541 0.377743 0.037028 0.016627
23 0.680723 0.333135 0.154766 0.430641
26 0.783794 0.172553 0.015960 0.073705
27 0.903750 0.477399 0.070596 0.719169
2 0.693374 0.666235 0.104264 0.168907
19 0.351752 0.795356 0.063943 0.063017
50 0.567168 0.792363 0.016767 0.059454