30 0.449330 0.068444 0.030275 0.010713
28 0.649625 0.067874 0.033702 0.009572
28 0.716962 0.067874 0.033702 0.009572
30 0.255788 0.211781 0.030275 0.033302
30 0.390461 0.199311 0.030275 0.010784
7 0.466164 0.199311 0.030275 0.010784
52 0.508249 0.211211 0.037028 0.055962
18 0.588186 0.149964 0.102752 0.040499
28 0.674877 0.198705 0.033601 0.009572
28 0.721145 0.198705 0.026948 0.009572
28 0.763230 0.174941 0.033702 0.009501
12 0.743876 0.297470 0.036928 0.016698
7 0.684957 0.330178 0.030375 0.010713
7 0.624374 0.330178 0.026948 0.010713
7 0.567168 0.330178 0.030275 0.010713
7 0.508249 0.330178 0.030375 0.010713
7 0.450186 0.329608 0.021908 0.009572
12 0.392981 0.330214 0.025234 0.008361
12 0.331541 0.330214 0.030174 0.008361
12 0.390461 0.294477 0.030275 0.008290
48 0.324737 0.147577 0.043782 0.159430
12 0.331541 0.377779 0.030174 0.008290
12 0.390461 0.377779 0.030275 0.008290
12 0.449330 0.377779 0.030275 0.008290
12 0.508249 0.377779 0.030375 0.008290
12 0.567168 0.377779 0.030275 0.008290
12 0.626037 0.377779 0.030275 0.008290
12 0.684957 0.377779 0.030375 0.008290
12 0.684957 0.425344 0.030375 0.008361
12 0.626037 0.425344 0.030275 0.008361
12 0.569689 0.425344 0.025234 0.008361
12 0.508249 0.425344 0.030375 0.008361
12 0.449330 0.425344 0.030275 0.008361
12 0.390461 0.425344 0.030275 0.008361
12 0.331541 0.425344 0.030174 0.008361
19 0.329878 0.472945 0.026847 0.010641
12 0.390461 0.472945 0.030275 0.008361
28 0.743876 0.475938 0.036928 0.016627
47 0.735459 0.499703 0.023521 0.009572
28 0.743876 0.523504 0.036928 0.016698
47 0.735459 0.547268 0.023521 0.009501
41 0.676489 0.618634 0.023521 0.016556
41 0.676489 0.654335 0.023521 0.016556
41 0.676489 0.690036 0.023521 0.016556
12 0.552854 0.633563 0.025234 0.008361
12 0.552854 0.669228 0.025234 0.008290
12 0.550334 0.704929 0.030275 0.008290
12 0.499832 0.693029 0.030275 0.008290
12 0.497312 0.657328 0.025234 0.008290
12 0.499832 0.615713 0.030275 0.008290
7 0.380330 0.568112 0.026948 0.010713
12 0.502352 0.722743 0.025234 0.008290
12 0.499832 0.758444 0.030275 0.008290
12 0.550334 0.740629 0.030275 0.008290
12 0.550334 0.776295 0.030275 0.008361
12 0.550334 0.811995 0.030275 0.008361
12 0.499832 0.829810 0.030275 0.008361
28 0.497312 0.871461 0.025234 0.008290
42 0.676489 0.868504 0.023521 0.016627
41 0.676489 0.832803 0.023521 0.016627
41 0.676489 0.797102 0.023521 0.016627
41 0.676489 0.761401 0.023521 0.016627
41 0.676489 0.725701 0.023521 0.016627
12 0.499832 0.082126 0.037129 0.018979
12 0.552854 0.847660 0.025234 0.008290
12 0.550334 0.883361 0.030275 0.008290