30 0.286936 0.176081 0.025234 0.033302
48 0.381943 0.178504 0.023521 0.026176
30 0.482998 0.163646 0.030275 0.010713
19 0.600837 0.163646 0.030275 0.010713
5 0.718625 0.178504 0.070697 0.026176
5 0.718625 0.273634 0.070697 0.026176
19 0.599123 0.258777 0.026847 0.010713
20 0.600786 0.459264 0.127953 0.040428
52 0.516666 0.511603 0.036928 0.061876
18 0.600786 0.459264 0.127953 0.040428
30 0.449330 0.496710 0.030275 0.010713
12 0.575585 0.511603 0.037028 0.016698
12 0.626088 0.510428 0.037028 0.019050
30 0.708545 0.496140 0.033601 0.009572
31 0.767414 0.496140 0.033601 0.009572