30 0.264255 0.164252 0.030275 0.033302
48 0.381943 0.166603 0.023521 0.026176
30 0.516666 0.151746 0.030275 0.010713
18 0.457747 0.280796 0.127953 0.040499
52 0.365210 0.342078 0.037028 0.079691
7 0.314707 0.318278 0.030375 0.010713
28 0.582289 0.317672 0.033702 0.009501
31 0.631078 0.317672 0.030275 0.009501
7 0.632741 0.270713 0.026948 0.010641
12 0.432496 0.343860 0.036928 0.018979
12 0.483048 0.345036 0.037028 0.016627
8 0.700128 0.318278 0.026847 0.010713
18 0.457747 0.447363 0.127953 0.040428
52 0.365210 0.508610 0.037028 0.079691
12 0.432496 0.511603 0.036928 0.021401
12 0.483048 0.511603 0.037028 0.016698
28 0.599123 0.484204 0.033702 0.009501
7 0.314707 0.484810 0.030375 0.010713
7 0.314707 0.603812 0.030375 0.010713
7 0.312994 0.687043 0.026948 0.010713
43 0.432546 0.701936 0.070697 0.035653
7 0.600837 0.687043 0.030275 0.010713
12 0.651289 0.700760 0.037028 0.019050
12 0.651289 0.772126 0.037028 0.018979
12 0.651289 0.844703 0.037028 0.021330
7 0.600837 0.829846 0.030275 0.010713
7 0.602500 0.758444 0.026948 0.010713