17 0.381993 0.235012 0.030275 0.008361
17 0.432496 0.235012 0.030275 0.008361
17 0.482998 0.235012 0.030275 0.008361
17 0.533500 0.235012 0.030275 0.008361
17 0.584003 0.235012 0.030275 0.008361
17 0.634454 0.235012 0.030375 0.008361
28 0.726992 0.237969 0.037028 0.016698
28 0.726992 0.273705 0.037028 0.016627
30 0.722859 0.331105 0.037028 0.006580
24 0.541917 0.325903 0.030375 0.016983
28 0.432496 0.336164 0.030275 0.008290
17 0.429975 0.371259 0.025234 0.009501
16 0.592420 0.333171 0.016666 0.014276
16 0.626088 0.333171 0.003360 0.014276