34 0.443029 0.246912 0.159000 0.115392
28 0.600837 0.246912 0.030275 0.055962
30 0.255788 0.247482 0.030275 0.057102
34 0.440963 0.426841 0.154867 0.118385
32 0.607540 0.425380 0.033601 0.055891
33 0.607540 0.496710 0.033601 0.055891
27 0.735358 0.431900 0.043681 0.038005
30 0.398878 0.580618 0.030375 0.057102
30 0.398878 0.699549 0.030375 0.057102
22 0.735409 0.465998 0.021404 0.018266
22 0.718575 0.287565 0.021404 0.018266
50 0.440963 0.428337 0.154867 0.115392
50 0.470398 0.248373 0.053862 0.076698
22 0.634404 0.642435 0.021404 0.015131
22 0.638638 0.761437 0.021404 0.015131