23 0.562078 0.741805 0.127751 0.355677
27 0.880112 0.601995 0.057189 0.040428
36 0.833893 0.523504 0.193575 0.085677
19 0.265918 0.603207 0.067269 0.059525
28 0.346712 0.603812 0.033702 0.055891
28 0.405581 0.603812 0.033702 0.055891
23 0.558701 0.306378 0.134505 0.365154
50 0.718625 0.176722 0.016868 0.089169
27 0.880112 0.161829 0.057189 0.040428
28 0.407244 0.163646 0.030375 0.055891
28 0.346712 0.163646 0.033702 0.055891
19 0.265918 0.163005 0.067269 0.059454
7 0.584003 0.092850 0.030275 0.033302
28 0.649625 0.079739 0.033702 0.009501
28 0.649625 0.103539 0.033702 0.009501
36 0.833893 0.083337 0.193575 0.085677
32 0.649625 0.519905 0.033702 0.009501
32 0.649625 0.543705 0.033702 0.009501
3 0.885202 0.090748 0.057290 0.058884
35 0.840647 0.083337 0.180068 0.085677
3 0.886916 0.530914 0.053862 0.058884
35 0.840647 0.523504 0.180068 0.085677
7 0.584003 0.533017 0.030275 0.033302
50 0.716105 0.616888 0.025335 0.089169