30 0.255788 0.164252 0.030275 0.033302
48 0.348275 0.166603 0.023521 0.026176
19 0.459460 0.163040 0.067269 0.035724
28 0.531837 0.210641 0.033601 0.009501
1 0.617620 0.220154 0.084003 0.038076
39 0.684957 0.285534 0.037028 0.016627
39 0.684957 0.321235 0.037028 0.016627
7 0.533500 0.282577 0.030275 0.010713
7 0.533500 0.318278 0.030275 0.010713
17 0.541917 0.406924 0.030375 0.009430
17 0.541917 0.436675 0.030375 0.009501
17 0.541917 0.465570 0.030375 0.007720
17 0.541917 0.496176 0.030375 0.009501
17 0.539397 0.525891 0.025335 0.009501
17 0.539397 0.555641 0.025335 0.009430
25 0.672356 0.553219 0.023521 0.016556
25 0.672356 0.523468 0.023521 0.016627
25 0.672356 0.493753 0.023521 0.016627
25 0.672356 0.463967 0.023521 0.016627
25 0.672356 0.434252 0.023521 0.016627
25 0.672356 0.404537 0.023521 0.016627
30 0.255788 0.652019 0.030275 0.033302
48 0.348275 0.654371 0.023521 0.026176
30 0.440963 0.639513 0.030275 0.010713
7 0.516666 0.639513 0.030275 0.010713
7 0.516666 0.782245 0.030275 0.010713
30 0.580626 0.690036 0.013440 0.021401
5 0.617620 0.725772 0.037028 0.026176
12 0.617620 0.795962 0.037028 0.019050
19 0.580626 0.832803 0.013440 0.021473
5 0.617620 0.868504 0.037028 0.026176