19 0.316421 0.233836 0.067269 0.070143
14 0.382044 0.236188 0.037028 0.017838
37 0.498118 0.229062 0.033702 0.055891
50 0.567168 0.234727 0.016767 0.074347
27 0.668072 0.234976 0.077450 0.055891
48 0.464349 0.410986 0.075434 0.092518
19 0.318084 0.389074 0.067370 0.059525
19 0.318084 0.531841 0.067370 0.059454
48 0.464097 0.545808 0.074930 0.076698
30 0.600837 0.533017 0.030275 0.057102
19 0.318084 0.674572 0.067370 0.059454
48 0.464097 0.688539 0.074930 0.076698
30 0.600837 0.675748 0.030275 0.057102
0 0.381993 0.306378 0.023420 0.016556