38 0.268539 0.233765 0.028762 0.046485
38 0.352609 0.233765 0.028762 0.046485
38 0.436780 0.233765 0.028762 0.046485
38 0.461880 0.340796 0.028762 0.046485
40 0.329777 0.340796 0.033702 0.046485
38 0.259971 0.340796 0.028762 0.046485
38 0.184218 0.340796 0.028662 0.046485
45 0.379473 0.443195 0.025234 0.008290
45 0.446810 0.443195 0.025234 0.008290
45 0.701791 0.475938 0.037028 0.016627
45 0.701791 0.511603 0.037028 0.016698
41 0.701741 0.761401 0.023420 0.016627
45 0.180085 0.764394 0.030275 0.008361
45 0.177565 0.794145 0.025234 0.008290
12 0.180085 0.817945 0.030275 0.008290