0 0.617620 0.875914 0.104365 0.052969
1 0.596537 0.845285 0.024767 0.007506
0 0.617620 0.786698 0.104365 0.052969
1 0.596537 0.756069 0.024767 0.007506
0 0.447666 0.746544 0.033601 0.055891
1 0.439138 0.715053 0.013588 0.006425
0 0.307953 0.745974 0.067269 0.059454
1 0.302893 0.702013 0.020322 0.006425
0 0.583952 0.568112 0.016868 0.063017
1 0.577178 0.525932 0.020322 0.006425
0 0.583952 0.472945 0.016868 0.063088
1 0.577178 0.430730 0.020322 0.006425
0 0.718625 0.571069 0.043681 0.030879
1 0.709732 0.571051 0.008624 0.008587
0 0.718625 0.475867 0.043681 0.030879
1 0.709732 0.475920 0.008624 0.008587
0 0.413998 0.472375 0.033601 0.057102
1 0.408882 0.441419 0.013558 0.006425
0 0.415661 0.567506 0.030275 0.057102
1 0.408882 0.536621 0.013558 0.006425
0 0.413998 0.377173 0.033601 0.057102
1 0.408882 0.346289 0.013558 0.006425
0 0.583952 0.377779 0.016868 0.063017
1 0.577178 0.335600 0.020322 0.006425
0 0.718625 0.380736 0.043681 0.030879
1 0.709732 0.380719 0.008624 0.008587
2 0.180085 0.071437 0.020194 0.011853
3 0.180085 0.068480 0.006955 0.005344
4 0.180085 0.075036 0.011996 0.005344
2 0.297873 0.356936 0.020093 0.011924
3 0.297823 0.354014 0.011996 0.005344
4 0.297823 0.360570 0.011996 0.005344
2 0.297873 0.404537 0.020093 0.011924
3 0.297823 0.401615 0.011996 0.005344
4 0.297823 0.408100 0.011996 0.005344
2 0.584003 0.416437 0.020194 0.011924
3 0.583952 0.413444 0.012096 0.005344
4 0.584003 0.420071 0.006955 0.005344
2 0.600837 0.416437 0.020194 0.011924
3 0.600837 0.413444 0.011996 0.005344
4 0.600837 0.420071 0.006955 0.005344
2 0.584003 0.511603 0.020194 0.011853
3 0.583952 0.508646 0.012096 0.005344
4 0.584003 0.515202 0.006955 0.005344
2 0.600837 0.511603 0.020194 0.011853
3 0.600837 0.508646 0.011996 0.005344
4 0.600837 0.515202 0.006955 0.005344
2 0.584003 0.606770 0.020194 0.011924
3 0.583952 0.603848 0.012096 0.005344
4 0.583952 0.610333 0.012096 0.005344
2 0.600837 0.606770 0.020194 0.011924
3 0.600837 0.603848 0.011996 0.005344
4 0.600837 0.610333 0.006955 0.005344
2 0.297873 0.452102 0.020093 0.011853
3 0.297823 0.449145 0.011996 0.005344
4 0.297823 0.455701 0.011996 0.005344
2 0.297873 0.499703 0.020093 0.011853
3 0.297823 0.496746 0.011996 0.005344
4 0.297823 0.503302 0.011996 0.005344
2 0.297873 0.547304 0.020093 0.011853
3 0.297823 0.544347 0.011996 0.005344
4 0.297823 0.550903 0.011996 0.005344
2 0.297873 0.594869 0.020093 0.011924
3 0.297823 0.591948 0.011996 0.005344
4 0.297823 0.598504 0.011996 0.005344
5 0.161839 0.091681 0.027116 0.006425
5 0.195508 0.091681 0.027116 0.006425
5 0.229176 0.091681 0.027116 0.006425
5 0.345301 0.361722 0.027116 0.007506
5 0.345301 0.409252 0.027116 0.007506
5 0.345301 0.456853 0.027116 0.007506
5 0.345301 0.504454 0.027116 0.007506
5 0.345301 0.551983 0.027116 0.007506
5 0.345301 0.599584 0.027116 0.007506
5 0.651087 0.364103 0.020362 0.006425
5 0.651087 0.411704 0.020362 0.006425
5 0.651087 0.459305 0.020362 0.006425
5 0.651087 0.506906 0.020362 0.006425
5 0.651087 0.554507 0.020362 0.006425
5 0.651087 0.602037 0.020362 0.006425
5 0.381792 0.730517 0.027116 0.006425
5 0.381792 0.754317 0.027116 0.006425
5 0.381792 0.778118 0.027116 0.006425
5 0.482796 0.730517 0.027116 0.006425
5 0.482796 0.754317 0.027116 0.006425
5 0.482796 0.778118 0.027116 0.006425
5 0.161839 0.864982 0.027116 0.006425
5 0.195508 0.864982 0.027116 0.006425
5 0.229176 0.864982 0.027116 0.006425
5 0.727445 0.895909 0.031753 0.006425
5 0.733645 0.887001 0.019354 0.006425
5 0.727445 0.806692 0.031753 0.006425
5 0.733645 0.797785 0.019354 0.006425