0 0.443029 0.246912 0.159000 0.115392
1 0.395476 0.183890 0.020413 0.006425
0 0.600837 0.246912 0.030275 0.055962
1 0.597426 0.215386 0.013642 0.006425
0 0.255788 0.247482 0.030275 0.057102
1 0.249064 0.208260 0.020322 0.006425
0 0.440963 0.426841 0.154867 0.118385
1 0.395476 0.362322 0.020413 0.006425
0 0.607540 0.425380 0.033601 0.055891
1 0.605814 0.393890 0.020337 0.006425
0 0.607540 0.496710 0.033601 0.055891
1 0.605814 0.465220 0.020337 0.006425
0 0.735358 0.431900 0.043681 0.038005
1 0.729134 0.428343 0.011945 0.010701
0 0.398878 0.580618 0.030375 0.057102
1 0.392104 0.541395 0.020322 0.006425
0 0.398878 0.699549 0.030375 0.057102
1 0.392104 0.660327 0.020322 0.006425
0 0.735409 0.465998 0.021404 0.018266
1 0.722909 0.473557 0.006955 0.006425
0 0.718575 0.287565 0.021404 0.018266
1 0.706176 0.295125 0.006955 0.006425
0 0.440963 0.428337 0.154867 0.115392
1 0.476723 0.472346 0.020413 0.006425
0 0.470398 0.248373 0.053862 0.076698
1 0.480957 0.290992 0.020413 0.006425
2 0.146416 0.071437 0.020194 0.011853
3 0.146416 0.068480 0.006955 0.005344
4 0.146416 0.075036 0.011996 0.005344
2 0.440913 0.294513 0.020093 0.011924
3 0.440862 0.291591 0.011996 0.005344
4 0.440862 0.298076 0.006955 0.005344
2 0.457747 0.294513 0.020295 0.002375
3 0.457797 0.291591 0.011996 0.005344
4 0.457797 0.298076 0.011996 0.005344
2 0.436729 0.475903 0.020194 0.011853
3 0.436729 0.472945 0.011996 0.005344
4 0.436729 0.479501 0.011996 0.005344
2 0.453563 0.475938 0.020194 0.002375
3 0.453563 0.472945 0.011996 0.005344
4 0.453563 0.479501 0.006955 0.005344
0 0.634404 0.642435 0.021404 0.015131
1 0.622005 0.648426 0.006955 0.006425
0 0.638638 0.761437 0.021404 0.015131
1 0.626138 0.767429 0.006955 0.006425
5 0.128171 0.091681 0.027116 0.006425
5 0.161839 0.091681 0.027116 0.006425
5 0.349535 0.231490 0.027116 0.006425
5 0.349535 0.255291 0.027116 0.006425
5 0.377306 0.221372 0.013709 0.006425
5 0.377306 0.245172 0.013709 0.006425
5 0.377306 0.268973 0.013709 0.006425
5 0.349535 0.279020 0.027116 0.006425
5 0.539700 0.232274 0.020362 0.006425
5 0.539700 0.256075 0.020362 0.006425
5 0.539700 0.279875 0.020362 0.006425
5 0.676389 0.235624 0.013709 0.006425
5 0.676389 0.259424 0.013709 0.006425
5 0.676389 0.283224 0.013709 0.006425
5 0.535466 0.409923 0.020362 0.006425
5 0.535466 0.433723 0.020362 0.006425
5 0.535466 0.457524 0.020362 0.006425
5 0.502654 0.399804 0.013608 0.006425
5 0.502654 0.423605 0.013608 0.006425
5 0.502654 0.447405 0.013608 0.006425
5 0.377306 0.399804 0.013709 0.006425
5 0.377306 0.423605 0.013709 0.006425
5 0.377306 0.447405 0.013709 0.006425
5 0.693172 0.414056 0.013608 0.006425
5 0.693172 0.437856 0.013608 0.006425
5 0.693172 0.461657 0.013608 0.006425
5 0.195508 0.091681 0.027116 0.006425
5 0.219095 0.091681 0.006955 0.006425
5 0.349535 0.564555 0.027116 0.006425
5 0.349535 0.588355 0.027116 0.006425
5 0.349535 0.612156 0.027116 0.006425
5 0.630926 0.566336 0.020362 0.006425
5 0.630926 0.590137 0.020362 0.006425
5 0.630926 0.613937 0.020362 0.006425
5 0.349535 0.683557 0.027116 0.006425
5 0.630876 0.685338 0.027116 0.006425
5 0.630876 0.709139 0.027116 0.006425
5 0.630876 0.732939 0.027116 0.006425
5 0.349535 0.707357 0.027116 0.006425
5 0.349535 0.731158 0.027116 0.006425
5 0.128171 0.912512 0.027116 0.006425
5 0.161839 0.912512 0.027116 0.006425
5 0.195508 0.912512 0.027116 0.006425
5 0.219095 0.912518 0.006955 0.006437