0 0.318941 0.362886 0.163234 0.561544
1 0.324535 0.052987 0.013608 0.006425
2 0.626037 0.119002 0.020194 0.011924
3 0.626037 0.116081 0.006955 0.005344
4 0.626037 0.122637 0.006955 0.005344
2 0.626037 0.178504 0.020194 0.011924
3 0.626037 0.175582 0.011996 0.005344
4 0.626037 0.182067 0.006955 0.005344
2 0.626037 0.202304 0.020194 0.011924
3 0.626037 0.199382 0.011996 0.005344
4 0.626037 0.205867 0.006955 0.005344
2 0.626037 0.226069 0.020194 0.011853
3 0.626037 0.223183 0.011996 0.005344
4 0.626037 0.229667 0.006955 0.005344
2 0.626037 0.249869 0.020194 0.011853
3 0.626037 0.246912 0.011996 0.005344
4 0.626037 0.253468 0.006955 0.005344
0 0.516666 0.151746 0.030275 0.008290
1 0.506455 0.145196 0.013548 0.006425
2 0.626037 0.392637 0.020194 0.011924
3 0.626037 0.389715 0.011996 0.005344
4 0.626037 0.396271 0.006955 0.005344
2 0.626037 0.464038 0.020194 0.011924
3 0.626037 0.461045 0.011996 0.005344
4 0.626037 0.467601 0.006955 0.005344
2 0.626037 0.577019 0.020194 0.011853
3 0.626037 0.574062 0.011996 0.005344
4 0.626037 0.580618 0.006955 0.005344
2 0.626037 0.624620 0.020194 0.011853
3 0.626037 0.621663 0.011996 0.005344
4 0.626037 0.628219 0.006955 0.005344
2 0.133816 0.487803 0.020194 0.011853
3 0.133816 0.484917 0.006955 0.005344
4 0.133816 0.491401 0.006955 0.005344
5 0.426095 0.112488 0.020362 0.006425
5 0.426095 0.136289 0.020362 0.006425
5 0.426095 0.160089 0.020362 0.006425
5 0.432848 0.183890 0.033870 0.006425
5 0.432848 0.207690 0.033870 0.006425
5 0.432848 0.231490 0.033870 0.006425
5 0.432848 0.255291 0.033870 0.006425
5 0.426095 0.279020 0.020362 0.006425
5 0.426095 0.302892 0.020362 0.006425
5 0.426095 0.326692 0.020362 0.006425
5 0.426095 0.374222 0.020362 0.006425
5 0.432848 0.398023 0.033870 0.006425
5 0.432848 0.469424 0.033870 0.006425
5 0.555677 0.564555 0.027116 0.006425
5 0.555677 0.588355 0.027116 0.006425
5 0.555677 0.612156 0.027116 0.006425
5 0.555677 0.635956 0.027116 0.006425
5 0.171466 0.481324 0.033870 0.006425
5 0.516624 0.163076 0.025822 0.004276