0 0.316421 0.233836 0.067269 0.070143
1 0.316330 0.184460 0.020382 0.006425
0 0.382044 0.236188 0.037028 0.017838
1 0.372392 0.212933 0.013961 0.007506
0 0.498118 0.229062 0.033702 0.055891
1 0.496421 0.196360 0.013642 0.006425
0 0.567168 0.234727 0.016767 0.074347
1 0.563779 0.186882 0.020337 0.006425
0 0.668072 0.234976 0.077450 0.055891
1 0.680337 0.232001 0.008703 0.008587
0 0.464349 0.410986 0.075434 0.092518
1 0.459343 0.349852 0.006821 0.006425
0 0.318084 0.389074 0.067370 0.059525
1 0.316330 0.345077 0.020382 0.006425
0 0.318084 0.531841 0.067370 0.059454
1 0.316330 0.487880 0.020382 0.006425
0 0.464097 0.545808 0.074930 0.076698
1 0.459343 0.492583 0.006821 0.006425
0 0.600837 0.533017 0.030275 0.057102
1 0.594012 0.492583 0.020322 0.006425
0 0.318084 0.674572 0.067370 0.059454
1 0.316330 0.630612 0.020382 0.006425
0 0.464097 0.688539 0.074930 0.076698
1 0.459343 0.635386 0.006821 0.006425
0 0.600837 0.675748 0.030275 0.057102
1 0.594012 0.635386 0.020322 0.006425
2 0.196919 0.904204 0.020194 0.011924
3 0.196919 0.901211 0.011996 0.005344
4 0.196919 0.907767 0.006955 0.005344
2 0.684957 0.654335 0.020295 0.011853
3 0.685007 0.651449 0.011996 0.005344
4 0.685007 0.657933 0.006955 0.005344
2 0.684957 0.678135 0.020295 0.011853
3 0.685007 0.675178 0.011996 0.005344
4 0.685007 0.681734 0.006955 0.005344
2 0.684957 0.701971 0.020295 0.011924
3 0.685007 0.698979 0.011996 0.005344
4 0.685007 0.705534 0.006955 0.005344
2 0.684957 0.511603 0.020295 0.011853
3 0.685007 0.508646 0.006955 0.005344
4 0.685007 0.515202 0.006955 0.005344
2 0.684957 0.535404 0.020295 0.011853
3 0.685007 0.532447 0.006955 0.005344
4 0.685007 0.539002 0.006955 0.005344
2 0.684957 0.559169 0.020295 0.011924
3 0.685007 0.556247 0.006955 0.005344
4 0.685007 0.562803 0.006955 0.005344
2 0.684957 0.368836 0.020295 0.011924
3 0.685007 0.365914 0.006955 0.005344
4 0.685007 0.372470 0.006955 0.005344
2 0.684957 0.392637 0.020295 0.011924
3 0.685007 0.389715 0.006955 0.005344
4 0.685007 0.396271 0.006955 0.005344
2 0.684957 0.416437 0.020295 0.011924
3 0.685007 0.413444 0.006955 0.005344
4 0.685007 0.420071 0.006955 0.005344
2 0.584003 0.279620 0.020194 0.011924
3 0.583952 0.276698 0.012096 0.005344
4 0.584003 0.283183 0.006955 0.005344
2 0.567168 0.279620 0.020194 0.011924
3 0.567168 0.276698 0.011996 0.005344
4 0.567168 0.283183 0.006955 0.005344
2 0.297873 0.279620 0.020093 0.011924
3 0.297823 0.276698 0.011996 0.005344
4 0.297823 0.283183 0.006955 0.005344
0 0.381993 0.306378 0.023420 0.016556
1 0.376382 0.293343 0.005611 0.006425
2 0.180085 0.059537 0.020194 0.011853
3 0.180085 0.063135 0.011996 0.005344
4 0.180085 0.056580 0.006955 0.005344
5 0.155136 0.079780 0.013709 0.006425
5 0.188804 0.079780 0.013709 0.006425
5 0.222472 0.079780 0.013709 0.006425
5 0.255284 0.079774 0.006955 0.006437
5 0.457596 0.213605 0.027116 0.006425
5 0.457596 0.237405 0.027116 0.006425
5 0.457596 0.261205 0.027116 0.006425
5 0.610665 0.215386 0.013709 0.006425
5 0.610665 0.239186 0.013709 0.006425
5 0.610665 0.262987 0.013709 0.006425
5 0.651087 0.374222 0.027217 0.006425
5 0.651087 0.398023 0.027217 0.006425
5 0.651087 0.421823 0.027217 0.006425
5 0.373425 0.374222 0.027116 0.006425
5 0.373425 0.398023 0.027116 0.006425
5 0.373425 0.421823 0.027116 0.006425
5 0.373425 0.564555 0.027116 0.006425
5 0.373425 0.540754 0.027116 0.006425
5 0.373425 0.516954 0.027116 0.006425
5 0.524882 0.516954 0.027217 0.006425
5 0.524882 0.540754 0.027217 0.006425
5 0.524882 0.564555 0.027217 0.006425
5 0.651087 0.516954 0.027217 0.006425
5 0.651087 0.540754 0.027217 0.006425
5 0.651087 0.564555 0.027217 0.006425
5 0.651087 0.659757 0.027217 0.006425
5 0.651087 0.683557 0.027217 0.006425
5 0.651087 0.707357 0.027217 0.006425
5 0.550133 0.707357 0.027116 0.006425
5 0.550133 0.683557 0.027116 0.006425
5 0.550133 0.659757 0.027116 0.006425
5 0.373425 0.659757 0.027116 0.006425
5 0.373425 0.683557 0.027116 0.006425
5 0.373425 0.707357 0.027116 0.006425
5 0.378037 0.273646 0.025251 0.007506
5 0.411705 0.279561 0.025251 0.007506
5 0.155136 0.876882 0.013709 0.006425
5 0.188804 0.876882 0.013709 0.006425
5 0.222472 0.876882 0.013709 0.006425
5 0.255284 0.876882 0.006955 0.006425